              precision    recall  f1-score   support

           A     0.9895    0.9467    0.9676       300
           B     1.0000    0.9333    0.9655       300
           C     1.0000    1.0000    1.0000       300
           D     0.9900    0.9900    0.9900       300
           E     0.9692    0.9433    0.9561       300
           F     0.9900    0.9933    0.9917       300
           G     0.9863    0.9600    0.9730       300
           H     1.0000    0.9833    0.9916       300
           I     0.9482    0.9767    0.9622       300
           J     0.9577    0.9800    0.9687       300
           K     0.9669    0.8767    0.9196       300
           L     1.0000    0.9867    0.9933       300
           M     0.9755    0.9300    0.9522       300
           N     0.9322    0.9167    0.9244       300
           O     0.9932    0.9800    0.9866       300
           P     0.9898    0.9733    0.9815       300
           Q     0.9804    1.0000    0.9901       300
           R     0.9708    0.8867    0.9268       300
           S     0.8671    0.9567    0.9097       300
           T     0.9586    0.9267    0.9424       300
           U     0.9236    0.8867    0.9048       300
           V     0.8107    0.9567    0.8777       300
           W     0.9318    0.9567    0.9441       300
           X     0.9033    0.9033    0.9033       300
           Y     0.8982    1.0000    0.9464       300
           Z     0.9551    0.9933    0.9739       300
     nothing     1.0000    1.0000    1.0000       300

    accuracy                         0.9569      8100
   macro avg     0.9588    0.9569    0.9571      8100
weighted avg     0.9588    0.9569    0.9571      8100
